8
30
41
22
80
43
12
78
100
78
23
37
35
57
28
11
53
3
51
69
87
13
60
97
82
22
24
57
66
1
12
98
98
7
46
17
72
68
36
22
22
73
21
86
91
47
96
22
58
82
100
85
82
18
90
95
70
44
40
58
20
55
13
99
66
26
40
28
11
11
40
85
68
29
48
15
92
75
6
36
27
2
100
85
2
28
17
81
18
51
48
28
29
78
3
67
60
22
20
66
8
68
12
47
42
15
17
53
70
75
4
96
38
5
32
18
56
29
98
39
10
59
11
60
64
13
57
91
27
81
56
70
55
41
28
59
90
53
43
87
11
64
11
44
48
52
90
24
46
85
12
32
25
82
57
50
58
52
84
30
59
27
26
90
20
34
41
98
78
73
29
3
86
11
29
46
49
68
13
12
23
33
45
43
70
25
46
74
84
79
2
39
69
14
29
84
39
22
24
15
12
93
47
73
57
9
46
14
54
12
1
91
40
73
8
27
82
84
20
96
88
68
14
99
72
91
34
73
83
45
7
28
44
98
1
31
86
73
87
61
79
32
21
73
78
12
99
97
7
3
3
56
2
29
27
44
79
48
2
67
76
74
32
9
5
74
47
42
73
78
41
10
97
59
17
57
47
42
22
60
92
38
66
81
42
52
27
15
72
57
52
39
71
20
86
5
100
12
68
5
65
57
24
